Spectral actinic flux, quanta cm-2 s-1 nm-1
values at z =      0.094 km
Columns: wavelength (nm), times (hrs.) or sza (deg.)
    wc, nm     12.000     12.500     13.000
    sza =      21.502     17.665     15.586
  120.7000  0.000E+00  0.000E+00  0.000E+00
  121.6500  0.000E+00  0.000E+00  0.000E+00
  122.1000  0.000E+00  0.000E+00  0.000E+00
  122.7000  0.000E+00  0.000E+00  0.000E+00
  123.4500  0.000E+00  0.000E+00  0.000E+00
  124.2000  0.000E+00  0.000E+00  0.000E+00
  125.0000  0.000E+00  0.000E+00  0.000E+00
  125.8000  0.000E+00  0.000E+00  0.000E+00
  126.6000  0.000E+00  0.000E+00  0.000E+00
  127.8000  0.000E+00  0.000E+00  0.000E+00
  129.0000  0.000E+00  0.000E+00  0.000E+00
  129.8500  0.000E+00  0.000E+00  0.000E+00
  131.1500  0.000E+00  0.000E+00  0.000E+00
  133.5000  0.000E+00  0.000E+00  0.000E+00
  136.0000  0.000E+00  0.000E+00  0.000E+00
  141.0000  0.000E+00  0.000E+00  0.000E+00
  150.0000  0.000E+00  0.000E+00  0.000E+00
  160.0000  0.000E+00  0.000E+00  0.000E+00
  167.5000  0.000E+00  0.000E+00  0.000E+00
  172.2000  0.000E+00  0.000E+00  0.000E+00
  175.7000  0.000E+00  0.000E+00  0.000E+00
  177.8000  0.000E+00  0.000E+00  0.000E+00
  179.4000  0.000E+00  0.000E+00  0.000E+00
  181.0000  0.000E+00  0.000E+00  0.000E+00
  182.6500  0.000E+00  0.000E+00  0.000E+00
  184.3500  0.000E+00  0.000E+00  0.000E+00
  186.0500  0.000E+00  0.000E+00  0.000E+00
  187.8000  0.000E+00  0.000E+00  0.000E+00
  189.6000  0.000E+00  0.000E+00  0.000E+00
  191.4000  0.000E+00  0.000E+00  0.000E+00
  193.2500  0.000E+00  0.000E+00  0.000E+00
  195.1500  0.000E+00  0.000E+00  0.000E+00
  197.0500  0.000E+00  0.000E+00  0.000E+00
  199.0000  0.000E+00  0.000E+00  0.000E+00
  201.0000  0.000E+00  0.000E+00  0.000E+00
  203.0500  0.000E+00  0.000E+00  0.000E+00
  204.9500  0.000E+00  0.000E+00  0.000E+00
  207.0665  0.000E+00  0.000E+00  0.000E+00
  209.4295  0.000E+00  0.000E+00  0.000E+00
  211.6460  0.000E+00  0.000E+00  0.000E+00
  213.9100  0.000E+00  0.000E+00  0.000E+00
  216.2225  0.000E+00  0.000E+00  0.000E+00
  218.5855  0.000E+00  0.000E+00  0.000E+00
  221.0010  0.000E+00  0.000E+00  0.000E+00
  223.4705  0.000E+00  0.000E+00  0.000E+00
  225.9960  0.000E+00  0.000E+00  0.000E+00
  228.5790  0.000E+00  0.000E+00  0.000E+00
  231.2215  0.000E+00  0.000E+00  0.000E+00
  233.9260  0.000E+00  0.000E+00  0.000E+00
  236.6945  0.000E+00  0.000E+00  0.000E+00
  239.5295  0.000E+00  0.000E+00  0.000E+00
  242.4330  0.000E+00  0.000E+00  0.000E+00
  245.4080  0.000E+00  0.000E+00  0.000E+00
  248.4570  0.000E+00  0.000E+00  0.000E+00
  251.5825  0.000E+00  0.000E+00  0.000E+00
  254.7875  0.000E+00  0.000E+00  0.000E+00
  258.0750  0.000E+00  0.000E+00  0.000E+00
  261.4490  0.000E+00  0.000E+00  0.000E+00
  264.9125  0.000E+00  0.000E+00  0.000E+00
  268.4685  0.000E+00  0.000E+00  0.000E+00
  272.1215  0.000E+00  0.000E+00  0.000E+00
  275.8755  0.000E+00  0.000E+00  0.000E+00
  279.7340  0.000E+00  0.000E+00  0.000E+00
  283.7020  0.000E+00  0.000E+00  0.000E+00
  287.7845  0.000E+00  0.000E+00  0.000E+00
  291.9865  1.356E+09  1.759E+09  1.976E+09
  296.3090  7.508E+10  8.849E+10  9.523E+10
  300.5000  7.101E+11  7.913E+11  8.306E+11
  303.0000  2.498E+12  2.722E+12  2.829E+12
  304.0000  2.921E+12  3.165E+12  3.281E+12
  305.0000  4.322E+12  4.652E+12  4.807E+12
  306.0000  4.297E+12  4.604E+12  4.748E+12
  307.0000  5.856E+12  6.244E+12  6.426E+12
  308.0000  7.231E+12  7.678E+12  7.886E+12
  309.0000  7.775E+12  8.234E+12  8.448E+12
  310.0000  8.043E+12  8.481E+12  8.685E+12
  311.0000  1.393E+13  1.466E+13  1.500E+13
  312.0000  1.286E+13  1.350E+13  1.380E+13
  313.0000  1.486E+13  1.555E+13  1.588E+13
  314.0000  1.658E+13  1.733E+13  1.768E+13
  316.0000  1.790E+13  1.864E+13  1.898E+13
  320.0000  2.482E+13  2.573E+13  2.615E+13
  325.0000  3.442E+13  3.554E+13  3.606E+13
  330.0000  4.577E+13  4.715E+13  4.778E+13
  335.0000  4.635E+13  4.765E+13  4.825E+13
  340.0000  5.326E+13  5.468E+13  5.532E+13
  345.0000  5.529E+13  5.668E+13  5.731E+13
  350.0000  6.064E+13  6.210E+13  6.276E+13
  355.0000  6.709E+13  6.863E+13  6.933E+13
  360.0000  6.402E+13  6.543E+13  6.607E+13
  365.0000  8.477E+13  8.655E+13  8.737E+13
  370.0000  9.159E+13  9.344E+13  9.428E+13
  375.0000  8.582E+13  8.749E+13  8.825E+13
  380.0000  1.022E+14  1.041E+14  1.049E+14
  385.0000  7.964E+13  8.107E+13  8.172E+13
  390.0000  1.074E+14  1.092E+14  1.101E+14
  395.0000  8.588E+13  8.732E+13  8.797E+13
  400.0000  1.642E+14  1.669E+14  1.681E+14
  405.0000  1.722E+14  1.749E+14  1.761E+14
  410.0000  1.825E+14  1.852E+14  1.865E+14
  415.0000  1.951E+14  1.980E+14  1.993E+14
  420.0000  2.020E+14  2.049E+14  2.061E+14
  425.0000  1.976E+14  2.003E+14  2.015E+14
  430.0000  1.866E+14  1.891E+14  1.902E+14
  435.0000  2.216E+14  2.245E+14  2.257E+14
  440.0000  2.330E+14  2.359E+14  2.372E+14
  445.0000  2.556E+14  2.588E+14  2.602E+14
  450.0000  2.776E+14  2.809E+14  2.824E+14
  455.0000  2.771E+14  2.804E+14  2.818E+14
  460.0000  2.907E+14  2.940E+14  2.955E+14
  465.0000  2.929E+14  2.962E+14  2.976E+14
  470.0000  2.968E+14  3.000E+14  3.014E+14
  475.0000  3.057E+14  3.089E+14  3.103E+14
  480.0000  3.196E+14  3.229E+14  3.244E+14
  485.0000  2.953E+14  2.983E+14  2.996E+14
  490.0000  3.128E+14  3.159E+14  3.173E+14
  495.0000  3.238E+14  3.269E+14  3.283E+14
  500.0000  3.134E+14  3.164E+14  3.177E+14
  505.0000  3.229E+14  3.259E+14  3.273E+14
  510.0000  3.252E+14  3.282E+14  3.295E+14
  515.0000  3.060E+14  3.087E+14  3.100E+14
  520.0000  3.190E+14  3.218E+14  3.231E+14
  525.0000  3.241E+14  3.270E+14  3.283E+14
  530.0000  3.455E+14  3.485E+14  3.499E+14
  535.0000  3.392E+14  3.421E+14  3.434E+14
  540.0000  3.441E+14  3.470E+14  3.483E+14
  545.0000  3.534E+14  3.564E+14  3.577E+14
  550.0000  3.589E+14  3.618E+14  3.632E+14
  555.0000  3.608E+14  3.637E+14  3.651E+14
  560.0000  3.555E+14  3.584E+14  3.597E+14
  565.0000  3.597E+14  3.626E+14  3.640E+14
  570.0000  3.616E+14  3.645E+14  3.658E+14
  575.0000  3.720E+14  3.749E+14  3.763E+14
  580.0000  3.706E+14  3.735E+14  3.748E+14
  585.0000  3.756E+14  3.785E+14  3.798E+14
  590.0000  3.667E+14  3.694E+14  3.707E+14
  595.0000  3.778E+14  3.806E+14  3.819E+14
  600.0000  3.721E+14  3.749E+14  3.761E+14
  605.0000  3.806E+14  3.834E+14  3.846E+14
  610.0000  3.805E+14  3.833E+14  3.845E+14
  615.0000  3.763E+14  3.789E+14  3.801E+14
  620.0000  3.864E+14  3.890E+14  3.902E+14
  625.0000  3.825E+14  3.851E+14  3.863E+14
  630.0000  3.875E+14  3.901E+14  3.912E+14
  635.0000  3.893E+14  3.919E+14  3.930E+14
  640.0000  3.893E+14  3.918E+14  3.929E+14
  644.8000  3.913E+14  3.937E+14  3.948E+14
  651.0500  3.916E+14  3.940E+14  3.951E+14
  660.0000  3.788E+14  3.810E+14  3.820E+14
  670.0000  3.970E+14  3.993E+14  4.003E+14
  680.0000  3.978E+14  4.000E+14  4.010E+14
  690.0000  3.998E+14  4.019E+14  4.029E+14
  700.0000  4.005E+14  4.025E+14  4.034E+14
  710.0000  3.983E+14  4.003E+14  4.011E+14
  720.0000  3.921E+14  3.940E+14  3.948E+14
  730.0000  3.898E+14  3.916E+14  3.924E+14
------------------------------------------------------------
Photolysis rate coefficients, s-1
   1 = O3 -> O2 + O(1D)                                  
   2 = H2O2 -> 2 OH                                      
   3 = NO2 -> NO + O(3P)                                 
   4 = NO3 -> NO + O2                                    
   5 = NO3 -> NO2 + O(3P)                                
   6 = CH2O -> H + HCO                                   
   7 = CH2O -> H2 + CO                                   
values at z =      0.094 km
Columns: time, sza, photo-reactions
time, hrs.  sza, deg.          1          2          3          4          5          6          7
   12.0000     21.502  8.973E-06  2.181E-06  3.574E-03  1.484E-02  1.123E-01  8.775E-06  1.388E-05
   12.5000     17.665  9.598E-06  2.258E-06  3.646E-03  1.494E-02  1.133E-01  9.130E-06  1.431E-05
   13.0000     15.586  9.893E-06  2.293E-06  3.679E-03  1.499E-02  1.137E-01  9.293E-06  1.451E-05
------------------------------------------------------------
Output for NCAR Master Mechanism
 156     3
   1       0.094     287.539   2.5264E+19
  4.320E+04  4.500E+04  4.680E+04
   1    120.000    120.700    121.400
  0.000E+00  0.000E+00  0.000E+00
   2    121.400    121.650    121.900
  0.000E+00  0.000E+00  0.000E+00
   3    121.900    122.100    122.300
  0.000E+00  0.000E+00  0.000E+00
   4    122.300    122.700    123.100
  0.000E+00  0.000E+00  0.000E+00
   5    123.100    123.450    123.800
  0.000E+00  0.000E+00  0.000E+00
   6    123.800    124.200    124.600
  0.000E+00  0.000E+00  0.000E+00
   7    124.600    125.000    125.400
  0.000E+00  0.000E+00  0.000E+00
   8    125.400    125.800    126.200
  0.000E+00  0.000E+00  0.000E+00
   9    126.200    126.600    127.000
  0.000E+00  0.000E+00  0.000E+00
  10    127.000    127.800    128.600
  0.000E+00  0.000E+00  0.000E+00
  11    128.600    129.000    129.400
  0.000E+00  0.000E+00  0.000E+00
  12    129.400    129.850    130.300
  0.000E+00  0.000E+00  0.000E+00
  13    130.300    131.150    132.000
  0.000E+00  0.000E+00  0.000E+00
  14    132.000    133.500    135.000
  0.000E+00  0.000E+00  0.000E+00
  15    135.000    136.000    137.000
  0.000E+00  0.000E+00  0.000E+00
  16    137.000    141.000    145.000
  0.000E+00  0.000E+00  0.000E+00
  17    145.000    150.000    155.000
  0.000E+00  0.000E+00  0.000E+00
  18    155.000    160.000    165.000
  0.000E+00  0.000E+00  0.000E+00
  19    165.000    167.500    170.000
  0.000E+00  0.000E+00  0.000E+00
  20    170.000    172.200    174.400
  0.000E+00  0.000E+00  0.000E+00
  21    174.400    175.700    177.000
  0.000E+00  0.000E+00  0.000E+00
  22    177.000    177.800    178.600
  0.000E+00  0.000E+00  0.000E+00
  23    178.600    179.400    180.200
  0.000E+00  0.000E+00  0.000E+00
  24    180.200    181.000    181.800
  0.000E+00  0.000E+00  0.000E+00
  25    181.800    182.650    183.500
  0.000E+00  0.000E+00  0.000E+00
  26    183.500    184.350    185.200
  0.000E+00  0.000E+00  0.000E+00
  27    185.200    186.050    186.900
  0.000E+00  0.000E+00  0.000E+00
  28    186.900    187.800    188.700
  0.000E+00  0.000E+00  0.000E+00
  29    188.700    189.600    190.500
  0.000E+00  0.000E+00  0.000E+00
  30    190.500    191.400    192.300
  0.000E+00  0.000E+00  0.000E+00
  31    192.300    193.250    194.200
  0.000E+00  0.000E+00  0.000E+00
  32    194.200    195.150    196.100
  0.000E+00  0.000E+00  0.000E+00
  33    196.100    197.050    198.000
  0.000E+00  0.000E+00  0.000E+00
  34    198.000    199.000    200.000
  0.000E+00  0.000E+00  0.000E+00
  35    200.000    201.000    202.000
  0.000E+00  0.000E+00  0.000E+00
  36    202.000    203.050    204.100
  0.000E+00  0.000E+00  0.000E+00
  37    204.100    204.950    205.800
  0.000E+00  0.000E+00  0.000E+00
  38    205.800    207.066    208.333
  0.000E+00  0.000E+00  0.000E+00
  39    208.333    209.430    210.526
  0.000E+00  0.000E+00  0.000E+00
  40    210.526    211.646    212.766
  0.000E+00  0.000E+00  0.000E+00
  41    212.766    213.910    215.054
  0.000E+00  0.000E+00  0.000E+00
  42    215.054    216.223    217.391
  0.000E+00  0.000E+00  0.000E+00
  43    217.391    218.586    219.780
  0.000E+00  0.000E+00  0.000E+00
  44    219.780    221.001    222.222
  0.000E+00  0.000E+00  0.000E+00
  45    222.222    223.470    224.719
  0.000E+00  0.000E+00  0.000E+00
  46    224.719    225.996    227.273
  0.000E+00  0.000E+00  0.000E+00
  47    227.273    228.579    229.885
  0.000E+00  0.000E+00  0.000E+00
  48    229.885    231.221    232.558
  0.000E+00  0.000E+00  0.000E+00
  49    232.558    233.926    235.294
  0.000E+00  0.000E+00  0.000E+00
  50    235.294    236.695    238.095
  0.000E+00  0.000E+00  0.000E+00
  51    238.095    239.530    240.964
  0.000E+00  0.000E+00  0.000E+00
  52    240.964    242.433    243.902
  0.000E+00  0.000E+00  0.000E+00
  53    243.902    245.408    246.914
  0.000E+00  0.000E+00  0.000E+00
  54    246.914    248.457    250.000
  0.000E+00  0.000E+00  0.000E+00
  55    250.000    251.582    253.165
  0.000E+00  0.000E+00  0.000E+00
  56    253.165    254.788    256.410
  0.000E+00  0.000E+00  0.000E+00
  57    256.410    258.075    259.740
  0.000E+00  0.000E+00  0.000E+00
  58    259.740    261.449    263.158
  0.000E+00  0.000E+00  0.000E+00
  59    263.158    264.912    266.667
  0.000E+00  0.000E+00  0.000E+00
  60    266.667    268.469    270.270
  0.000E+00  0.000E+00  0.000E+00
  61    270.270    272.121    273.973
  0.000E+00  0.000E+00  0.000E+00
  62    273.973    275.875    277.778
  0.000E+00  0.000E+00  0.000E+00
  63    277.778    279.734    281.690
  0.000E+00  0.000E+00  0.000E+00
  64    281.690    283.702    285.714
  0.000E+00  0.000E+00  0.000E+00
  65    285.714    287.784    289.855
  0.000E+00  0.000E+00  0.000E+00
  66    289.855    291.987    294.118
  1.356E+09  1.759E+09  1.976E+09
  67    294.118    296.309    298.500
  7.508E+10  8.849E+10  9.523E+10
  68    298.500    300.500    302.500
  7.101E+11  7.913E+11  8.306E+11
  69    302.500    303.000    303.500
  2.498E+12  2.722E+12  2.829E+12
  70    303.500    304.000    304.500
  2.921E+12  3.165E+12  3.281E+12
  71    304.500    305.000    305.500
  4.322E+12  4.652E+12  4.807E+12
  72    305.500    306.000    306.500
  4.297E+12  4.604E+12  4.748E+12
  73    306.500    307.000    307.500
  5.856E+12  6.244E+12  6.426E+12
  74    307.500    308.000    308.500
  7.231E+12  7.678E+12  7.886E+12
  75    308.500    309.000    309.500
  7.775E+12  8.234E+12  8.448E+12
  76    309.500    310.000    310.500
  8.043E+12  8.481E+12  8.685E+12
  77    310.500    311.000    311.500
  1.393E+13  1.466E+13  1.500E+13
  78    311.500    312.000    312.500
  1.286E+13  1.350E+13  1.380E+13
  79    312.500    313.000    313.500
  1.486E+13  1.555E+13  1.588E+13
  80    313.500    314.000    314.500
  1.658E+13  1.733E+13  1.768E+13
  81    314.500    316.000    317.500
  1.790E+13  1.864E+13  1.898E+13
  82    317.500    320.000    322.500
  2.482E+13  2.573E+13  2.615E+13
  83    322.500    325.000    327.500
  3.442E+13  3.554E+13  3.606E+13
  84    327.500    330.000    332.500
  4.577E+13  4.715E+13  4.778E+13
  85    332.500    335.000    337.500
  4.635E+13  4.765E+13  4.825E+13
  86    337.500    340.000    342.500
  5.326E+13  5.468E+13  5.532E+13
  87    342.500    345.000    347.500
  5.529E+13  5.668E+13  5.731E+13
  88    347.500    350.000    352.500
  6.064E+13  6.210E+13  6.276E+13
  89    352.500    355.000    357.500
  6.709E+13  6.863E+13  6.933E+13
  90    357.500    360.000    362.500
  6.402E+13  6.543E+13  6.607E+13
  91    362.500    365.000    367.500
  8.477E+13  8.655E+13  8.737E+13
  92    367.500    370.000    372.500
  9.159E+13  9.344E+13  9.428E+13
  93    372.500    375.000    377.500
  8.582E+13  8.749E+13  8.825E+13
  94    377.500    380.000    382.500
  1.022E+14  1.041E+14  1.049E+14
  95    382.500    385.000    387.500
  7.964E+13  8.107E+13  8.172E+13
  96    387.500    390.000    392.500
  1.074E+14  1.092E+14  1.101E+14
  97    392.500    395.000    397.500
  8.588E+13  8.732E+13  8.797E+13
  98    397.500    400.000    402.500
  1.642E+14  1.669E+14  1.681E+14
  99    402.500    405.000    407.500
  1.722E+14  1.749E+14  1.761E+14
 100    407.500    410.000    412.500
  1.825E+14  1.852E+14  1.865E+14
 101    412.500    415.000    417.500
  1.951E+14  1.980E+14  1.993E+14
 102    417.500    420.000    422.500
  2.020E+14  2.049E+14  2.061E+14
 103    422.500    425.000    427.500
  1.976E+14  2.003E+14  2.015E+14
 104    427.500    430.000    432.500
  1.866E+14  1.891E+14  1.902E+14
 105    432.500    435.000    437.500
  2.216E+14  2.245E+14  2.257E+14
 106    437.500    440.000    442.500
  2.330E+14  2.359E+14  2.372E+14
 107    442.500    445.000    447.500
  2.556E+14  2.588E+14  2.602E+14
 108    447.500    450.000    452.500
  2.776E+14  2.809E+14  2.824E+14
 109    452.500    455.000    457.500
  2.771E+14  2.804E+14  2.818E+14
 110    457.500    460.000    462.500
  2.907E+14  2.940E+14  2.955E+14
 111    462.500    465.000    467.500
  2.929E+14  2.962E+14  2.976E+14
 112    467.500    470.000    472.500
  2.968E+14  3.000E+14  3.014E+14
 113    472.500    475.000    477.500
  3.057E+14  3.089E+14  3.103E+14
 114    477.500    480.000    482.500
  3.196E+14  3.229E+14  3.244E+14
 115    482.500    485.000    487.500
  2.953E+14  2.983E+14  2.996E+14
 116    487.500    490.000    492.500
  3.128E+14  3.159E+14  3.173E+14
 117    492.500    495.000    497.500
  3.238E+14  3.269E+14  3.283E+14
 118    497.500    500.000    502.500
  3.134E+14  3.164E+14  3.177E+14
 119    502.500    505.000    507.500
  3.229E+14  3.259E+14  3.273E+14
 120    507.500    510.000    512.500
  3.252E+14  3.282E+14  3.295E+14
 121    512.500    515.000    517.500
  3.060E+14  3.087E+14  3.100E+14
 122    517.500    520.000    522.500
  3.190E+14  3.218E+14  3.231E+14
 123    522.500    525.000    527.500
  3.241E+14  3.270E+14  3.283E+14
 124    527.500    530.000    532.500
  3.455E+14  3.485E+14  3.499E+14
 125    532.500    535.000    537.500
  3.392E+14  3.421E+14  3.434E+14
 126    537.500    540.000    542.500
  3.441E+14  3.470E+14  3.483E+14
 127    542.500    545.000    547.500
  3.534E+14  3.564E+14  3.577E+14
 128    547.500    550.000    552.500
  3.589E+14  3.618E+14  3.632E+14
 129    552.500    555.000    557.500
  3.608E+14  3.637E+14  3.651E+14
 130    557.500    560.000    562.500
  3.555E+14  3.584E+14  3.597E+14
 131    562.500    565.000    567.500
  3.597E+14  3.626E+14  3.640E+14
 132    567.500    570.000    572.500
  3.616E+14  3.645E+14  3.658E+14
 133    572.500    575.000    577.500
  3.720E+14  3.749E+14  3.763E+14
 134    577.500    580.000    582.500
  3.706E+14  3.735E+14  3.748E+14
 135    582.500    585.000    587.500
  3.756E+14  3.785E+14  3.798E+14
 136    587.500    590.000    592.500
  3.667E+14  3.694E+14  3.707E+14
 137    592.500    595.000    597.500
  3.778E+14  3.806E+14  3.819E+14
 138    597.500    600.000    602.500
  3.721E+14  3.749E+14  3.761E+14
 139    602.500    605.000    607.500
  3.806E+14  3.834E+14  3.846E+14
 140    607.500    610.000    612.500
  3.805E+14  3.833E+14  3.845E+14
 141    612.500    615.000    617.500
  3.763E+14  3.789E+14  3.801E+14
 142    617.500    620.000    622.500
  3.864E+14  3.890E+14  3.902E+14
 143    622.500    625.000    627.500
  3.825E+14  3.851E+14  3.863E+14
 144    627.500    630.000    632.500
  3.875E+14  3.901E+14  3.912E+14
 145    632.500    635.000    637.500
  3.893E+14  3.919E+14  3.930E+14
 146    637.500    640.000    642.500
  3.893E+14  3.918E+14  3.929E+14
 147    642.500    644.800    647.100
  3.913E+14  3.937E+14  3.948E+14
 148    647.100    651.050    655.000
  3.916E+14  3.940E+14  3.951E+14
 149    655.000    660.000    665.000
  3.788E+14  3.810E+14  3.820E+14
 150    665.000    670.000    675.000
  3.970E+14  3.993E+14  4.003E+14
 151    675.000    680.000    685.000
  3.978E+14  4.000E+14  4.010E+14
 152    685.000    690.000    695.000
  3.998E+14  4.019E+14  4.029E+14
 153    695.000    700.000    705.000
  4.005E+14  4.025E+14  4.034E+14
 154    705.000    710.000    715.000
  3.983E+14  4.003E+14  4.011E+14
 155    715.000    720.000    725.000
  3.921E+14  3.940E+14  3.948E+14
 156    725.000    730.000    735.000
  3.898E+14  3.916E+14  3.924E+14
   3   113
O2 -> O + O                                       
  0.000E+00  0.000E+00  0.000E+00
O3 -> O2 + O(1D)                                  
  8.973E-06  9.598E-06  9.893E-06
O3 -> O2 + O(3P)                                  
  2.574E-04  2.597E-04  2.608E-04
HO2 -> OH + O                                     
  0.000E+00  0.000E+00  0.000E+00
H2O2 -> 2 OH                                      
  2.181E-06  2.258E-06  2.293E-06
NO2 -> NO + O(3P)                                 
  3.574E-03  3.646E-03  3.679E-03
NO3 -> NO + O2                                    
  1.484E-02  1.494E-02  1.499E-02
NO3 -> NO2 + O(3P)                                
  1.123E-01  1.133E-01  1.137E-01
N2O -> N2 + O(1D)                                 
  0.000E+00  0.000E+00  0.000E+00
N2O5 -> NO3 + NO + O(3P)                          
  0.000E+00  0.000E+00  0.000E+00
N2O5 -> NO3 + NO2                                 
  1.320E-05  1.364E-05  1.385E-05
HNO2 -> OH + NO                                   
  5.356E-04  5.476E-04  5.531E-04
HNO3 -> OH + NO2                                  
  1.656E-07  1.742E-07  1.782E-07
HNO4 -> HO2 + NO2                                 
  1.875E-06  1.957E-06  1.995E-06
NO3-(aq) -> NO2(aq) + O-                          
  6.149E-08  6.413E-08  6.535E-08
NO3-(aq) -> NO2-(aq) + O(3P)                      
  7.792E-09  8.127E-09  8.282E-09
NO3-(aq) with qy=1                                
  7.083E-06  7.388E-06  7.529E-06
CH2O -> H + HCO                                   
  8.775E-06  9.130E-06  9.293E-06
CH2O -> H2 + CO                                   
  1.388E-05  1.431E-05  1.451E-05
CH3CHO -> CH3 + HCO                               
  1.308E-06  1.379E-06  1.413E-06
CH3CHO -> CH4 + CO                                
  4.132E-12  5.062E-12  5.546E-12
CH3CHO -> CH3CO + H                               
  0.000E+00  0.000E+00  0.000E+00
C2H5CHO -> C2H5 + HCO                             
  4.589E-06  4.815E-06  4.920E-06
CH3OOH -> CH3O + OH                               
  1.615E-06  1.670E-06  1.695E-06
HOCH2OOH -> HOCH2O. + OH                          
  1.331E-06  1.378E-06  1.401E-06
CH3ONO2 -> CH3O + NO2                             
  2.358E-07  2.481E-07  2.539E-07
CH3(OONO2) -> CH3(OO) + NO2                       
  1.266E-06  1.330E-06  1.360E-06
CH3CH2ONO2 -> CH3CH2O + NO2                       
  3.834E-07  4.032E-07  4.124E-07
C2H5ONO2 -> C2H5O + NO2                           
  3.905E-07  4.105E-07  4.198E-07
n-C3H7ONO2 -> C3H7O + NO2                         
  5.100E-07  5.342E-07  5.455E-07
1-C4H9ONO2 -> 1-C4H9O + NO2                       
  4.965E-07  5.202E-07  5.313E-07
2-C4H9ONO2 -> 2-C4H9O + NO2                       
  4.582E-07  4.846E-07  4.969E-07
CH3CHONO2CH3 -> CH3CHOCH3 + NO2                   
  6.519E-07  6.844E-07  6.995E-07
CH2(OH)CH2(ONO2) -> CH2(OH)CH2(O.) + NO2          
  9.200E-09  1.009E-08  1.051E-08
CH3COCH2(ONO2) -> CH3COCH2(O.) + NO2              
  7.718E-06  8.055E-06  8.211E-06
C(CH3)3(ONO2) -> C(CH3)3(O.) + NO2                
  1.768E-06  1.851E-06  1.890E-06
C(CH3)3(ONO) -> C(CH3)3(O) + NO                   
  9.571E-04  9.755E-04  9.838E-04
CH3CO(OONO2) -> CH3CO(OO) + NO2                   
  1.350E-07  1.409E-07  1.437E-07
CH3CO(OONO2) -> CH3CO(O) + NO3                    
  5.784E-08  6.041E-08  6.160E-08
CH3CH2CO(OONO2) -> CH3CH2CO(OO) + NO2             
  1.915E-07  2.000E-07  2.039E-07
CH3CH2CO(OONO2) -> CH3CH2CO(O) + NO3              
  1.224E-07  1.278E-07  1.304E-07
CH2=CHCHO -> Products                             
  1.025E-06  1.051E-06  1.063E-06
CH2=C(CH3)CHO -> Products                         
  1.617E-06  1.661E-06  1.681E-06
CH3COCH=CH2 -> Products                           
  1.199E-06  1.241E-06  1.260E-06
HOCH2CHO -> CH2OH + HCO                           
  2.517E-06  2.648E-06  2.708E-06
HOCH2CHO -> CH3OH + CO                            
  3.033E-07  3.190E-07  3.263E-07
HOCH2CHO -> CH2CHO + OH                           
  2.123E-07  2.233E-07  2.284E-07
CH3COCH3 -> CH3CO + CH3                           
  1.030E-07  1.106E-07  1.142E-07
CH3COCH2CH3 -> CH3CO + CH2CH3                     
  1.267E-06  1.331E-06  1.360E-06
CH2(OH)COCH3 -> CH3CO + CH2(OH)                   
  2.527E-07  2.649E-07  2.705E-07
CH2(OH)COCH3 -> CH2(OH)CO + CH3                   
  2.527E-07  2.649E-07  2.705E-07
CHOCHO -> HCO + HCO                               
  2.789E-05  2.849E-05  2.877E-05
CHOCHO -> H2 + 2CO                                
  4.673E-06  4.848E-06  4.930E-06
CHOCHO -> CH2O + CO                               
  8.776E-06  9.079E-06  9.218E-06
CH3COCHO -> CH3CO + HCO                           
  4.408E-05  4.517E-05  4.566E-05
CH3COCOCH3 -> Products                            
  1.360E-04  1.379E-04  1.388E-04
CH3COOH -> CH3 + COOH                             
  0.000E+00  0.000E+00  0.000E+00
CH3CO(OOH) -> Products                            
  2.075E-07  2.163E-07  2.203E-07
CH3COCO(OH) -> Products                           
  1.232E-04  1.263E-04  1.277E-04
(CH3)2NNO -> Products                             
  8.896E-04  9.084E-04  9.170E-04
CF2O -> Products                                  
  0.000E+00  0.000E+00  0.000E+00
Cl2 -> Cl + Cl                                    
  7.923E-04  8.116E-04  8.204E-04
ClO -> Cl + O(1D)                                 
  0.000E+00  0.000E+00  0.000E+00
ClO -> Cl + O(3P)                                 
  1.349E-05  1.440E-05  1.483E-05
ClOO -> Products                                  
  0.000E+00  0.000E+00  0.000E+00
OClO -> Products                                  
  3.141E-02  3.204E-02  3.233E-02
ClOOCl -> Cl + ClOO                               
  5.371E-04  5.524E-04  5.594E-04
HCl -> H + Cl                                     
  0.000E+00  0.000E+00  0.000E+00
HOCl -> HO + Cl                                   
  8.839E-05  9.084E-05  9.196E-05
NOCl -> NO + Cl                                   
  1.417E-03  1.441E-03  1.452E-03
ClNO2 -> Cl + NO2                                 
  1.470E-04  1.513E-04  1.533E-04
ClONO -> Cl + NO2                                 
  1.264E-03  1.302E-03  1.320E-03
ClONO2 -> Cl + NO3                                
  1.358E-05  1.394E-05  1.410E-05
ClONO2 -> ClO + NO2                               
  2.188E-06  2.277E-06  2.319E-06
CCl4 -> Products                                  
  0.000E+00  0.000E+00  0.000E+00
CH3OCl -> CH3O + Cl                               
  2.801E-05  2.880E-05  2.915E-05
CHCl3 -> Products                                 
  0.000E+00  0.000E+00  0.000E+00
CH3Cl -> Products                                 
  0.000E+00  0.000E+00  0.000E+00
CH3CCl3 -> Products                               
  0.000E+00  0.000E+00  0.000E+00
CCl2O -> Products                                 
  0.000E+00  0.000E+00  0.000E+00
CClFO -> Products                                 
  0.000E+00  0.000E+00  0.000E+00
CCl3F (CFC-11) -> Products                        
  0.000E+00  0.000E+00  0.000E+00
CCl2F2 (CFC-12) -> Products                       
  0.000E+00  0.000E+00  0.000E+00
CF2ClCFCl2 (CFC-113) -> Products                  
  0.000E+00  0.000E+00  0.000E+00
CF2ClCF2Cl (CFC-114) -> Products                  
  0.000E+00  0.000E+00  0.000E+00
CF3CF2Cl (CFC-115) -> Products                    
  0.000E+00  0.000E+00  0.000E+00
CHClF2 (HCFC-22) -> Products                      
  0.000E+00  0.000E+00  0.000E+00
CF3CHCl2 (HCFC-123) -> Products                   
  0.000E+00  0.000E+00  0.000E+00
CF3CHFCl (HCFC-124) -> Products                   
  0.000E+00  0.000E+00  0.000E+00
CH3CFCl2 (HCFC-141b) -> Products                  
  0.000E+00  0.000E+00  0.000E+00
CH3CF2Cl (HCFC-142b) -> Products                  
  0.000E+00  0.000E+00  0.000E+00
CF3CF2CHCl2 (HCFC-225ca) -> Products              
  0.000E+00  0.000E+00  0.000E+00
CF2ClCF2CHFCl (HCFC-225cb) -> Products            
  0.000E+00  0.000E+00  0.000E+00
Br2 -> Br + Br                                    
  1.693E-02  1.713E-02  1.722E-02
BrO -> Br + O                                     
  1.123E-02  1.155E-02  1.169E-02
HOBr -> OH + Br                                   
  8.939E-04  9.108E-04  9.185E-04
BrNO -> Br + NO                                   
  1.290E-02  1.304E-02  1.310E-02
BrONO -> Br + NO2                                 
  3.390E-03  3.492E-03  3.539E-03
BrONO -> BrO + NO                                 
  3.390E-03  3.492E-03  3.539E-03
BrNO2 -> Br + NO2                                 
  1.965E-03  2.001E-03  2.016E-03
BrONO2 -> BrO + NO2                               
  8.074E-05  8.240E-05  8.315E-05
BrONO2 -> Br + NO3                                
  4.576E-04  4.669E-04  4.712E-04
BrCl -> Br + Cl                                   
  4.882E-03  4.956E-03  4.990E-03
CH3Br -> Products                                 
  0.000E+00  0.000E+00  0.000E+00
CHBr3 -> Products                                 
  3.347E-07  3.526E-07  3.610E-07
CF2Br2 (Halon-1202) -> Products                   
  6.689E-10  7.611E-10  8.065E-10
CF2BrCl (Halon-1211) -> Products                  
  0.000E+00  0.000E+00  0.000E+00
CF3Br (Halon-1301) -> Products                    
  0.000E+00  0.000E+00  0.000E+00
CF2BrCF2Br (Halon-2402) -> Products               
  0.000E+00  0.000E+00  0.000E+00
I2 -> I + I                                       
  6.896E-02  6.959E-02  6.988E-02
IO -> I + O                                       
  8.936E-02  9.068E-02  9.128E-02
IOH -> I + OH                                     
  3.586E-03  3.649E-03  3.678E-03
perfluoro 1-iodopropane -> products               
  2.594E-05  2.714E-05  2.769E-05
